***** PARAMETERS *****

chromType = LINEAR
alphabetSize = 4
minChromLength = 4
maxChromLength = 50
populationSize = 20
mutationsPerGen = 50
crossoversPerGen = 6
numToReplicate = 4
numOfTimes = 2
numOfGenerations = 50
doStopAtScore = false
stopAtScore = 100
allowDuplicates = true
fitnessTester = zujkomiller.maze.MazeTester
observers = zujkomiller.maze.MazeTester
outputFile = ../../maze/output/difficult.txt
outputResultOnly = false
outputGenerations = 5
showProgressOnScreen = true
maze=difficult
bonus=100

***** END OF PARAMETERS *****

Generation 1: 
	1 - 2, 0, 1, 2, 3, 2, 3, 2, 0, 3, 0, 2, 1, 3, 0, 2, 2, 0, 0, 3, 3, 2, 3, 3, 2, 0, 2, 3, 0, 2, 3, 2, 1, 3 score: 48
	2 - 3, 3, 0, 3, 1, 0, 3, 2, 3 score: 48
	3 - 3, 3, 2, 2, 0, 0, 0, 0, 3, 0, 2, 1, 3, 0, 1, 0, 2, 2, 3, 3, 2, 1, 3, 1, 2, 3 score: 47
	4 - 2, 0, 3, 2, 3, 0, 3, 0, 2, 1, 2, 0, 2, 0, 2, 2, 0, 3 score: 47
	5 - 2, 0, 1, 3, 3, 0, 3 score: 46
	6 - 3, 3, 1, 2, 0, 3, 0, 1, 1, 1, 1, 1, 0, 3, 3, 2, 0, 3, 3, 0, 2, 1, 2, 3 score: 46
	7 - 0, 1, 3, 1, 3, 3, 0, 2, 1, 1, 1, 3, 0, 3 score: 46
	8 - 1, 1, 3, 2, 1, 2, 0, 1, 2, 3, 1, 3, 0, 2, 3, 3, 2, 3, 1, 3, 2, 3, 2, 0, 3, 0, 0, 2, 3, 0, 0, 1, 3, 1, 0, 1, 3, 2, 1, 1, 1, 1, 1 score: 46
	9 - 3, 1, 0, 2, 3, 1, 2, 1, 2, 3, 0, 3, 0, 3, 2, 0, 3, 2, 1, 1, 3, 1, 0, 3, 3, 2, 0, 1, 2, 2, 3, 0 score: 45
	10 - 1, 0, 2, 3, 2, 0, 2, 1, 0, 1, 1, 2, 0, 1, 3, 2, 3, 2, 2, 0, 0, 0 score: 45
	11 - 2, 3, 1, 3, 3, 0, 3, 2, 3, 2 score: 45
	12 - 3, 1, 0, 1, 0, 0, 0, 3, 0, 1, 1, 0, 0, 1, 1, 0, 1, 1, 0, 2, 0, 1, 0, 3, 3, 2, 1, 2, 2, 2, 3, 2 score: 44
	13 - 3, 0, 2, 3, 1, 2, 1, 3, 0, 2, 0, 1, 1, 2, 2, 3, 2, 0, 1, 1, 3, 2, 3, 3, 2, 2, 2, 0, 3, 3, 1, 2, 2, 0, 1, 3, 3, 2, 3, 1, 1, 2, 0, 2, 2, 2, 0, 1, 3, 3 score: 44
	14 - 0, 3, 0 score: 44
	15 - 3, 0, 0, 3, 1, 2, 0, 2, 1, 0, 0, 3, 1, 2, 0, 2, 0, 2, 1, 3, 2, 2, 2, 3, 2, 1, 2, 2, 3, 0, 3, 1, 3, 3, 2, 3, 0, 2, 1, 3, 3, 0, 3, 2 score: 44
	16 - 1, 1, 2, 2, 1, 3, 1, 1, 2, 2, 1, 2, 1, 0, 2, 2, 2, 2, 2, 2, 3, 3, 3, 1, 0, 3, 2, 1, 3, 3, 0, 2, 2, 0, 3, 1, 1, 3, 2 score: 44
	17 - 1, 1, 0, 1, 0, 1, 3, 1, 0, 0, 1, 2, 3, 2, 0, 0, 3, 3, 1, 3, 3, 0, 3 score: 44
	18 - 0, 0, 3, 2, 0, 2, 0, 3, 1, 2, 0, 2, 2, 2, 2, 1, 3, 0, 1, 2, 2, 0, 1, 3, 1, 3 score: 44
	19 - 1, 2, 0, 2, 1, 2, 1, 3, 1, 1, 1, 0, 0, 0, 3, 3, 0, 2, 2 score: 43
	20 - 0, 0, 0, 1, 0, 2, 1, 1, 3, 1 score: 42

Generation 5: 
	1 - 0, 3, 2, 2, 0, 0, 0, 0, 3, 0, 1, 2, 1, 3, 3, 0, 1, 0, 2, 2, 3, 3, 2, 1, 3, 3, 1, 3, 1, 2, 3 score: 118
	2 - 0, 3, 3, 2, 0, 0, 0, 0, 3, 0, 0, 1, 3, 0, 0, 1, 0, 0, 3, 2, 3, 3, 2, 2, 3, 0, 2, 3, 2, 1, 3 score: 118
	3 - 0, 3, 2, 2, 0, 0, 0, 0, 3, 0, 1, 2, 1, 3, 0, 1, 0, 2, 2, 3, 3, 2, 3, 3, 1, 2, 3, 0, 3, 2, 3, 2, 1, 3 score: 115
	4 - 2, 0, 3, 2, 2, 0, 0, 0, 0, 3, 0, 2, 1, 3, 0, 1, 0, 2, 2, 3, 3, 3, 2, 3, 3, 1, 2, 3, 0, 3, 2, 1, 3, 2, 1, 3 score: 113
	5 - 0, 3, 2, 2, 0, 0, 0, 1, 0, 3, 2, 3, 0, 2, 1, 3, 0, 0, 2, 1, 0, 2, 2, 3, 3, 2, 3, 3, 2, 3, 0, 3, 2, 3, 2, 1, 3 score: 112
	6 - 0, 3, 2, 2, 0, 0, 0, 3, 0, 1, 2, 1, 3, 3, 0, 1, 0, 2, 2, 3, 3, 2, 3, 3, 1, 2, 3 score: 49
	7 - 0, 3, 3, 3, 2, 2, 2, 0, 0, 0, 3, 0, 2, 1, 3, 0, 0, 1, 3, 0, 2, 2, 3, 3, 2, 0, 3, 3, 1, 2, 3 score: 49
	8 - 3, 0, 3, 0, 3, 3, 1, 3, 2, 0, 3, 0, 2, 0, 1, 0, 2, 2, 0, 0, 2, 3, 2, 3, 3, 1, 2, 3, 3, 3, 2, 3, 2, 2, 0, 1, 3 score: 48
	9 - 3, 3, 0, 3, 3, 1, 3, 2, 0, 3, 2, 0, 1, 0, 2, 2, 0, 0, 2, 3, 3, 2, 3, 3, 1, 2, 3 score: 48
	10 - 2, 0, 2, 2, 3, 3, 2, 0, 3, 0, 2, 1, 3, 2, 2, 0, 0, 2, 2, 3, 0, 3, 2, 0, 2, 3 score: 47
	11 - 2, 0, 3, 1, 2, 2, 2, 3, 2, 3, 0, 2, 1, 2, 0, 3, 3, 0, 2, 0, 0, 3 score: 47
	12 - 0, 0, 3, 3, 1, 1, 1, 1, 2, 0, 3, 3, 3, 0, 2, 3, 0, 0, 3, 0, 2, 0, 3 score: 47
	13 - 0, 3, 2, 2, 0, 0, 0, 1, 0, 3, 0, 2, 1, 3, 0, 0, 0, 1, 0, 2, 2, 3, 2, 0, 2, 3 score: 47
	14 - 1, 1, 3, 1, 3, 1, 0, 2, 1, 1, 3, 0, 2, 0, 3, 1, 2, 2, 2, 0, 0 score: 46
	15 - 0, 3, 2, 1, 0, 0, 0, 1, 3, 0, 2, 1, 3, 0, 0, 1, 0, 2, 0, 2, 2, 3, 3, 2, 3, 1, 2, 0, 0, 2, 3, 2, 1, 3 score: 45
	16 - 0, 3, 3, 3, 2, 2, 2, 0, 0, 2, 3, 0, 2, 1, 3, 0, 0, 1, 3, 0, 2, 2, 1, 3, 3, 2, 3, 2, 3 score: 45
	17 - 2, 3, 1, 3, 2, 3, 2, 3, 2, 3, 3, 2, 1, 0, 2, 2, 0, 2, 2, 1, 3, 2, 3, 2, 0, 2, 3 score: 45
	18 - 2, 0, 1, 3, 1, 2, 3, 0, 3, 0, 2, 2, 1, 2, 3, 2, 0, 0, 1, 3 score: 45
	19 - 0, 1, 0, 0, 3, 3, 3, 1, 1, 1, 1, 2, 1, 0, 3, 1, 0, 0, 3, 3, 2, 0, 3, 3, 3, 1, 3, 2, 0, 3, 0, 2, 3, 2, 1, 3 score: 45
	20 - 0, 3, 2, 2, 0, 0, 1, 0, 3, 2, 3, 0, 2, 1, 3, 0, 0, 1, 2, 3, 3, 2, 3, 3, 1, 2, 3, 0, 3, 2, 3, 3, 2, 1, 3 score: 44

Generation 10: 
	1 - 0, 3, 3, 0, 0, 0, 3, 0, 1, 3, 0, 3, 0, 1, 0, 0, 3, 2, 3, 3, 3, 2, 2, 1 score: 125
	2 - 0, 3, 3, 0, 0, 0, 0, 3, 0, 1, 3, 0, 0, 1, 0, 0, 3, 2, 3, 3, 2, 3, 2, 1 score: 125
	3 - 0, 3, 3, 0, 2, 0, 0, 3, 1, 3, 0, 2, 0, 1, 0, 0, 3, 2, 3, 3, 3, 3, 0, 3, 3, 3 score: 123
	4 - 0, 3, 0, 0, 0, 0, 3, 0, 0, 1, 3, 0, 0, 3, 0, 2, 3, 3, 2, 3, 3, 3, 2, 1, 2, 3 score: 123
	5 - 0, 3, 3, 0, 0, 1, 0, 0, 3, 0, 1, 3, 0, 0, 2, 1, 0, 0, 3, 2, 3, 3, 2, 2, 3, 3, 1, 3 score: 122
	6 - 3, 0, 3, 2, 2, 0, 0, 0, 0, 3, 0, 2, 3, 3, 0, 3, 0, 0, 3, 2, 3, 1, 3, 3, 0, 1, 1, 3 score: 121
	7 - 0, 3, 3, 0, 0, 1, 0, 2, 0, 3, 0, 1, 1, 3, 0, 1, 0, 0, 3, 2, 3, 3, 2, 3, 3, 3, 1, 2, 3 score: 120
	8 - 0, 3, 2, 0, 1, 0, 0, 3, 1, 1, 3, 0, 2, 0, 1, 0, 0, 3, 2, 3, 3, 3, 1, 3, 1, 3, 1, 1, 2, 3 score: 119
	9 - 0, 3, 2, 2, 0, 0, 0, 2, 3, 0, 1, 0, 1, 3, 3, 0, 3, 0, 0, 2, 1, 3, 3, 3, 3, 1, 3, 1, 3, 3, 3, 3 score: 117
	10 - 0, 2, 3, 3, 2, 0, 0, 3, 0, 0, 2, 0, 0, 0, 1, 0, 2, 2, 0, 0, 2, 2, 3, 3, 2, 1, 2, 3, 0, 0, 3, 2, 3, 2, 1, 3 score: 48
	11 - 2, 0, 3, 2, 0, 0, 0, 3, 0, 1, 2, 3, 0, 1, 2, 2, 3, 3, 2, 1, 3, 0, 1, 3 score: 48
	12 - 0, 3, 0, 0, 0, 0, 3, 0, 0, 1, 3, 0, 0, 1, 3, 0, 2, 3, 3, 2, 3, 3, 3, 3, 0, 1, 2, 3 score: 48
	13 - 0, 3, 1, 0, 0, 2, 0, 3, 0, 0, 3, 0, 0, 1, 1, 0, 0, 3, 2, 3, 2, 2, 2, 3, 0, 1, 3, 1, 2, 3 score: 47
	14 - 0, 3, 2, 2, 0, 0, 0, 2, 1, 3, 0, 1, 2, 3, 3, 0, 2, 0, 0, 2, 3 score: 47
	15 - 2, 1, 3, 2, 2, 0, 0, 0, 3, 0, 1, 0, 3, 0, 1, 0, 2, 3, 3, 2, 3, 3, 2, 1 score: 47
	16 - 0, 3, 3, 3, 0, 0, 0, 0, 3, 0, 0, 1, 1, 0, 3, 1, 0, 2, 1, 1, 3, 1, 2, 3, 3, 1, 1, 0, 1, 3 score: 46
	17 - 3, 3, 0, 0, 0, 0, 3, 0, 1, 3, 0, 1, 0, 0, 3, 2, 2, 3, 3, 2, 3, 3, 2, 1, 2, 3 score: 46
	18 - 0, 1, 2, 2, 0, 0, 0, 0, 0, 1, 2, 0, 3, 0, 2, 0, 3, 0, 0, 1, 1, 0, 2, 2, 3, 3, 2, 0, 1, 2, 1, 3 score: 45
	19 - 0, 3, 3, 2, 0, 0, 0, 0, 3, 0, 1, 1, 2, 0, 0, 0, 0, 1, 0, 1, 2, 3, 3, 2, 3, 2, 1 score: 44
	20 - 2, 0, 3, 2, 0, 0, 3, 0, 1, 2, 2, 0, 1, 2, 2, 3, 3, 1, 2, 3, 2, 1 score: 43

Generation 15: 
	1 - 0, 3, 0, 0, 0, 3, 0, 0, 1, 0, 3, 0, 2, 3, 3, 3, 2, 0, 2 score: 130
	2 - 0, 3, 0, 0, 0, 0, 3, 0, 0, 1, 0, 3, 0, 0, 0, 3, 3, 3, 2, 2 score: 129
	3 - 0, 3, 2, 0, 0, 0, 0, 0, 0, 0, 3, 0, 0, 0, 0, 3, 3, 3, 2, 2 score: 129
	4 - 0, 3, 2, 0, 0, 0, 0, 0, 0, 0, 3, 0, 0, 0, 3, 3, 3, 2, 3, 1, 2 score: 128
	5 - 0, 3, 3, 0, 0, 0, 0, 3, 0, 0, 3, 3, 0, 0, 2, 3, 3, 3, 2, 0, 2 score: 128
	6 - 0, 3, 3, 0, 0, 0, 0, 3, 0, 0, 1, 3, 0, 0, 2, 3, 3, 3, 3, 2, 3, 2 score: 127
	7 - 0, 3, 2, 0, 0, 0, 0, 3, 3, 3, 0, 2, 0, 1, 0, 0, 3, 0, 2, 3, 3, 2, 2 score: 126
	8 - 2, 3, 0, 3, 0, 3, 1, 0, 3, 3, 0, 0, 3, 0, 0, 0, 1, 0, 0, 2, 3, 0, 1, 1 score: 125
	9 - 0, 3, 0, 0, 0, 3, 0, 2, 3, 0, 3, 0, 3, 0, 1, 0, 0, 3, 2, 3, 3, 3, 2, 3, 2 score: 124
	10 - 0, 0, 2, 2, 0, 0, 3, 1, 3, 1, 0, 1, 0, 0, 3, 3, 0, 2, 0, 3, 0, 1, 0, 0, 3 score: 124
	11 - 0, 3, 3, 0, 0, 0, 0, 0, 0, 0, 1, 3, 0, 0, 3, 1, 0, 0, 3, 2, 3, 3, 0, 0, 3, 2 score: 123
	12 - 0, 3, 3, 3, 0, 1, 0, 3, 0, 0, 1, 3, 0, 0, 0, 0, 2, 3, 3, 3, 2 score: 48
	13 - 0, 1, 3, 3, 0, 3, 0, 0, 0, 1, 2, 1, 3, 0, 2, 2, 3, 3, 3, 2, 3, 3, 3, 2, 2, 3 score: 48
	14 - 0, 3, 3, 0, 0, 2, 1, 0, 3, 0, 1, 0, 3, 0, 0, 2, 3, 3, 3, 2, 3, 2 score: 48
	15 - 0, 3, 3, 1, 0, 0, 3, 0, 1, 2, 0, 3, 0, 0, 2, 3, 3, 3, 2, 2 score: 47
	16 - 1, 3, 3, 0, 3, 0, 2, 0, 0, 0, 3, 1, 0, 3, 0, 0, 3, 2, 1, 0, 2, 3, 3, 3, 2 score: 47
	17 - 0, 1, 0, 3, 2, 3, 3, 0, 2, 2, 0, 0, 1, 3, 0, 1, 0, 0, 3, 0, 3, 0, 2, 3, 1 score: 47
	18 - 0, 2, 2, 0, 0, 0, 0, 0, 0, 0, 3, 2, 1, 3, 0, 0, 0, 0, 3, 3, 3, 2, 2 score: 47
	19 - 0, 3, 3, 0, 0, 0, 0, 0, 0, 1, 3, 0, 0, 0, 2, 3, 3, 3, 2, 2, 2, 2 score: 46
	20 - 0, 3, 3, 0, 0, 0, 1, 1, 0, 1, 3, 0, 2, 0, 1, 0, 0, 3, 0, 2, 3, 3, 2, 2, 1 score: 45

Generation 20: 
	1 - 0, 0, 2, 0, 3, 0, 0, 3, 0, 3, 3, 3, 2, 2 score: 135
	2 - 0, 3, 0, 0, 0, 3, 2, 0, 3, 0, 3, 3, 3, 2, 0 score: 134
	3 - 0, 0, 0, 3, 0, 3, 1, 0, 3, 3, 0, 3, 3, 3, 1, 0 score: 133
	4 - 0, 0, 0, 0, 0, 0, 3, 1, 0, 0, 3, 0, 3, 3, 3, 3, 2 score: 132
	5 - 0, 3, 0, 0, 2, 0, 0, 1, 0, 0, 3, 3, 0, 3, 3, 3, 2, 0 score: 131
	6 - 0, 1, 0, 0, 0, 3, 3, 0, 0, 0, 3, 0, 0, 3, 3, 3, 0, 0 score: 131
	7 - 2, 0, 0, 3, 2, 0, 0, 0, 3, 1, 3, 0, 3, 0, 3, 3, 2, 0, 1 score: 130
	8 - 1, 3, 0, 3, 0, 3, 0, 0, 1, 3, 3, 3, 0, 0, 3, 3, 2, 1, 0 score: 130
	9 - 0, 2, 0, 3, 2, 2, 0, 3, 3, 1, 2, 0, 3, 0, 3, 0, 0, 0, 3, 3, 3, 3, 3, 2 score: 125
	10 - 0, 2, 3, 0, 0, 0, 0, 0, 3, 0, 1, 0, 3, 0, 3, 2, 0 score: 48
	11 - 0, 3, 0, 2, 3, 0, 2, 0, 3, 3, 0, 3, 0, 2, 0, 0 score: 48
	12 - 1, 2, 3, 3, 0, 0, 0, 0, 0, 0, 1, 0, 3, 0, 3, 3, 2, 0 score: 48
	13 - 0, 0, 2, 1, 0, 3, 0, 0, 0, 3, 3, 3, 2, 0 score: 48
	14 - 0, 0, 0, 3, 0, 0, 0, 1, 0, 3, 3, 3, 2, 2 score: 47
	15 - 0, 3, 0, 3, 1, 3, 3, 0, 0, 3, 0, 1, 0, 3, 0, 2, 3, 3, 1, 3, 2, 0, 1 score: 47
	16 - 2, 0, 0, 0, 3, 0, 0, 0, 1, 0, 3, 0, 3, 0, 2 score: 47
	17 - 0, 3, 3, 0, 1, 0, 3, 3, 0, 3, 3, 3, 2, 0 score: 46
	18 - 0, 3, 0, 0, 0, 3, 2, 2, 1, 1, 3, 3, 0, 3, 3, 2, 0 score: 46
	19 - 1, 0, 3, 0, 0, 3, 2, 1, 0, 3, 3, 1, 3, 3, 3, 2, 0 score: 45
	20 - 0, 0, 2, 3, 1, 3, 1, 0, 3, 3, 0, 3, 3, 1, 0 score: 44

Generation 25: 
	1 - 0, 0, 0, 0, 3, 0, 3, 0, 3, 3, 0, 1 score: 137
	2 - 0, 2, 0, 0, 0, 3, 0, 3, 0, 3, 3, 3, 1 score: 136
	3 - 0, 0, 0, 0, 1, 0, 3, 3, 0, 3, 3, 3, 3, 1 score: 135
	4 - 0, 0, 0, 0, 3, 0, 0, 3, 0, 3, 3, 2, 2, 2 score: 135
	5 - 0, 3, 3, 2, 0, 0, 0, 3, 0, 3, 0, 3, 3, 3, 1 score: 134
	6 - 0, 0, 0, 0, 3, 0, 0, 0, 3, 0, 3, 3, 2, 2, 2 score: 134
	7 - 2, 1, 0, 2, 0, 0, 0, 3, 0, 3, 0, 3, 3, 3, 0, 0 score: 133
	8 - 0, 0, 0, 2, 0, 0, 0, 0, 3, 3, 0, 3, 3, 3, 2, 3, 2, 0 score: 131
	9 - 1, 2, 0, 0, 3, 0, 0, 3, 3, 3, 0, 0, 2, 3, 2, 2, 3, 3, 3, 2, 0, 0 score: 127
	10 - 0, 0, 0, 3, 0, 0, 0, 0, 3, 0, 3, 3, 0, 0 score: 49
	11 - 0, 0, 2, 0, 1, 0, 0, 0, 2, 3, 3, 3, 1 score: 49
	12 - 0, 1, 1, 3, 0, 0, 1, 0, 3, 3, 0, 3, 0, 0, 3, 3, 3, 3 score: 48
	13 - 0, 3, 0, 3, 0, 3, 2, 2, 0, 3, 0, 3, 0, 3, 0, 2, 0, 0 score: 48
	14 - 3, 3, 0, 0, 0, 3, 1, 0, 2, 3, 2, 3, 3, 2, 3, 2 score: 47
	15 - 1, 2, 0, 0, 1, 0, 0, 3, 0, 0, 3, 3, 2, 2, 2 score: 46
	16 - 1, 0, 0, 0, 0, 3, 0, 2, 0, 3, 3, 2, 2, 2 score: 46
	17 - 0, 1, 0, 0, 0, 0, 3, 0, 0, 3, 3, 2, 1, 2 score: 46
	18 - 0, 0, 0, 3, 1, 3, 3, 1, 0, 0, 3, 2, 2, 3, 3, 2 score: 45
	19 - 0, 3, 0, 3, 0, 3, 1, 0, 0, 1, 1, 0, 1, 3, 3, 3, 2, 0 score: 45
	20 - 1, 3, 0, 0, 0, 3, 2, 0, 0, 1, 0, 3, 2, 2, 0, 3, 3, 0, 0, 3, 2 score: 45

Generation 30: 
	1 - 2, 0, 0, 3, 0, 3, 0, 3, 3, 3, 3, 1 score: 137
	2 - 0, 3, 0, 0, 0, 3, 0, 3, 3, 3, 3, 1 score: 137
	3 - 0, 0, 0, 0, 2, 3, 0, 3, 3, 3, 1, 3, 1 score: 136
	4 - 0, 0, 2, 0, 0, 3, 0, 3, 3, 0, 3, 3, 3, 0, 1 score: 134
	5 - 0, 2, 3, 0, 2, 0, 0, 1, 0, 3, 3, 0, 3, 3, 3, 2, 3 score: 132
	6 - 0, 2, 0, 2, 3, 0, 0, 1, 0, 3, 3, 3, 3, 3, 2, 1, 3, 0 score: 131
	7 - 1, 0, 3, 0, 3, 0, 0, 3, 3, 0, 3, 1, 3, 3, 3, 0, 3, 0, 1 score: 130
	8 - 0, 1, 0, 3, 0, 0, 0, 3, 3, 0, 3, 3, 0, 0, 2, 2, 2, 3, 1, 3, 3, 0, 0 score: 126
	9 - 0, 0, 2, 0, 0, 1, 0, 3, 0, 2, 3, 3, 0, 3, 0, 0 score: 49
	10 - 0, 3, 0, 0, 0, 3, 0, 3, 3, 1 score: 49
	11 - 2, 0, 0, 1, 0, 0, 0, 0, 3, 0, 3, 3, 0, 1 score: 49
	12 - 3, 3, 0, 0, 0, 3, 0, 3, 3, 2, 3 score: 48
	13 - 0, 2, 2, 0, 1, 2, 0, 0, 2, 3, 1, 3, 0, 3, 0, 3, 1, 3, 1, 3 score: 48
	14 - 2, 2, 0, 0, 0, 3, 0, 3, 0, 1, 3, 3, 2 score: 48
	15 - 2, 0, 0, 1, 0, 0, 0, 0, 3, 3, 1 score: 47
	16 - 2, 1, 0, 2, 0, 0, 2, 3, 0, 3, 0, 3, 1 score: 47
	17 - 2, 0, 0, 0, 0, 1, 0, 3, 0, 1 score: 47
	18 - 3, 2, 0, 3, 3, 2, 0, 2, 2, 1, 0, 2, 0, 1, 0, 3, 3, 3, 0, 1, 3, 0, 0, 2, 0 score: 46
	19 - 2, 0, 0, 2, 0, 0, 0, 3, 2, 1, 2, 3, 3, 0, 1 score: 45
	20 - 0, 0, 0, 0, 2, 0, 0, 0, 3, 2, 3, 2, 0, 0, 2, 1 score: 45

Generation 35: 
	1 - 0, 0, 0, 3, 0, 3, 3, 0, 3, 3 score: 140
	2 - 0, 0, 3, 0, 3, 0, 3, 0, 3, 3, 3 score: 139
	3 - 0, 2, 0, 0, 0, 3, 0, 0, 3, 3, 3, 3 score: 137
	4 - 0, 0, 3, 0, 3, 2, 0, 3, 3, 3, 3, 0, 0 score: 136
	5 - 3, 0, 3, 0, 3, 0, 3, 0, 3, 0, 3, 3, 3, 3 score: 135
	6 - 2, 0, 0, 0, 3, 0, 2, 3, 3, 3, 0, 3, 3, 2, 3, 2 score: 133
	7 - 0, 0, 0, 3, 3, 0, 3, 3, 0, 3, 3, 2, 0, 3, 3, 3, 3, 0, 0 score: 130
	8 - 3, 0, 3, 0, 3, 0, 3, 3, 3, 3, 3 score: 48
	9 - 2, 0, 0, 0, 2, 3, 1, 0, 3, 0, 0, 3, 3, 1 score: 47
	10 - 0, 2, 0, 0, 1, 0, 0, 0, 1, 0, 0, 0, 0, 3, 0, 1 score: 47
	11 - 3, 0, 0, 3, 3, 0, 3, 3, 3 score: 46
	12 - 3, 0, 0, 3, 0, 0, 2, 3, 3, 1 score: 46
	13 - 3, 3, 2, 3, 0, 3, 3, 3, 3, 3 score: 46
	14 - 0, 0, 3, 0, 3, 3, 3, 3, 2, 3, 3, 3 score: 45
	15 - 3, 3, 0, 2, 3, 2, 0, 3, 3, 3 score: 45
	16 - 2, 0, 0, 3, 0, 1, 0, 1, 3, 1, 0, 3, 3, 3, 0 score: 45
	17 - 2, 0, 2, 3, 2, 3, 3, 0, 3, 1, 2, 3, 0, 3, 0, 3 score: 45
	18 - 0, 0, 3, 3, 0, 3, 3, 3 score: 45
	19 - 1, 0, 0, 1, 3, 0, 3, 2, 0, 3, 3 score: 45
	20 - 0, 2, 3, 1, 0, 3, 2, 3, 3, 3, 3, 2 score: 43

Generation 40: 
	1 - 0, 0, 0, 0, 3, 0, 3, 3, 3 score: 141
	2 - 0, 0, 0, 3, 0, 0, 3, 0, 3, 3, 3 score: 139
	3 - 0, 0, 0, 2, 0, 3, 0, 3, 0, 0, 3 score: 49
	4 - 0, 2, 0, 2, 1, 0, 0, 0, 3, 0, 0, 3, 3 score: 49
	5 - 1, 0, 3, 2, 0, 3, 3, 0, 3, 3, 0, 3, 0, 1, 3, 3 score: 49
	6 - 0, 0, 0, 3, 0, 3, 1, 0, 3, 3 score: 49
	7 - 0, 0, 0, 0, 2, 0, 3, 1, 3, 3 score: 49
	8 - 2, 0, 0, 0, 3, 0, 3, 3, 3 score: 49
	9 - 2, 0, 0, 0, 0, 2, 3, 3, 0, 3 score: 49
	10 - 0, 0, 3, 0, 3, 0, 3, 3, 3 score: 49
	11 - 0, 0, 0, 0, 3, 0, 3, 0, 0, 3 score: 49
	12 - 2, 2, 0, 2, 2, 0, 3, 0, 3, 3, 3, 3, 0, 3, 3, 0 score: 48
	13 - 0, 0, 1, 0, 2, 0, 0, 3, 3 score: 48
	14 - 3, 0, 0, 0, 3, 0, 3, 3, 3 score: 46
	15 - 0, 2, 2, 0, 1, 0, 2, 3, 0, 3, 2, 3, 3, 3, 0, 0 score: 46
	16 - 0, 0, 0, 2, 3, 0, 0, 1, 3 score: 45
	17 - 3, 1, 3, 2, 0, 3, 3, 0 score: 45
	18 - 0, 0, 3, 3, 3, 0, 1, 3, 3 score: 44
	19 - 2, 1, 0, 3, 1, 0, 3 score: 43
	20 - 3, 0, 1, 1, 2, 0, 0, 3, 1, 1, 1, 2, 0 score: 43

Generation 45: 
	1 - 0, 0, 0, 0, 3, 3, 3, 3 score: 142
	2 - 2, 0, 0, 2, 0, 0, 2, 3, 1, 3, 3, 3 score: 138
	3 - 0, 0, 0, 0, 0, 0, 3, 3, 3 score: 49
	4 - 0, 0, 0, 0, 0, 0, 0, 0, 3, 3, 3, 1, 2, 3, 1 score: 49
	5 - 0, 0, 0, 0, 0, 0, 3, 3, 2, 0, 3 score: 48
	6 - 0, 0, 0, 0, 0, 3, 0, 3, 2, 0, 3, 0 score: 48
	7 - 0, 0, 2, 0, 0, 3, 1, 3 score: 48
	8 - 0, 0, 0, 0, 3, 3, 2, 3, 0, 1, 3, 3, 0 score: 48
	9 - 0, 0, 2, 0, 0, 3, 3, 1 score: 47
	10 - 2, 2, 2, 2, 0, 0, 3, 0, 3, 0, 3 score: 47
	11 - 0, 0, 1, 0, 0, 3, 3, 3, 3, 0, 3, 3, 2 score: 47
	12 - 2, 3, 3, 3, 1, 3, 3 score: 46
	13 - 0, 0, 0, 2, 0, 0, 2, 0, 1, 3, 3, 3 score: 45
	14 - 0, 0, 0, 3, 3, 1, 0, 3 score: 45
	15 - 2, 0, 2, 0, 1, 0, 3, 0, 3, 0, 1, 1, 0, 3 score: 45
	16 - 2, 0, 0, 0, 3, 3, 3 score: 45
	17 - 0, 0, 3, 3, 3, 2, 3, 3 score: 44
	18 - 0, 0, 0, 3, 2, 3, 3, 1, 3 score: 44
	19 - 0, 0, 3, 3, 3, 0, 1, 3, 3 score: 44
	20 - 2, 1, 0, 3, 3, 1 score: 42

Generation 50: 
	1 - 0, 0, 0, 0, 3, 3, 3, 3 score: 142
	2 - 0, 0, 2, 0, 0, 3, 0, 3, 3, 3 score: 140
	3 - 2, 0, 0, 2, 0, 0, 3, 3, 3, 3 score: 140
	4 - 0, 0, 0, 0, 0, 3, 3, 3, 3, 3 score: 139
	5 - 0, 0, 0, 0, 1, 0, 0, 0, 3, 3, 3, 3 score: 138
	6 - 0, 0, 0, 0, 3, 3, 3, 0, 1 score: 49
	7 - 1, 0, 0, 0, 3, 0, 3, 3, 1, 3, 3 score: 48
	8 - 0, 0, 3, 0, 3, 0, 3, 3 score: 48
	9 - 0, 0, 0, 1, 0, 0, 0, 0, 3 score: 47
	10 - 0, 0, 0, 3, 0, 2, 0, 0, 0, 2, 3, 3, 2, 3, 1 score: 47
	11 - 0, 3, 1, 3, 1, 0, 3, 0, 2, 3, 3, 3 score: 46
	12 - 0, 0, 0, 0, 2, 1, 0, 0, 0, 3, 3, 1, 3, 1, 3, 3, 2, 1 score: 46
	13 - 3, 0, 1, 0, 0, 3, 0, 1, 0, 2, 3, 3 score: 46
	14 - 0, 0, 3, 3, 0, 3, 3, 3 score: 45
	15 - 0, 2, 0, 3, 1, 0, 0, 3, 3, 3, 3, 3 score: 45
	16 - 0, 0, 3, 2, 2, 0, 2, 3, 3, 1 score: 44
	17 - 0, 3, 0, 3 score: 44
	18 - 0, 0, 2, 1, 3, 2, 3, 3, 3, 3 score: 43
	19 - 0, 1, 0, 0, 1, 0, 1, 2, 3 score: 43
	20 - 0, 0, 1, 3, 0, 1, 1, 1, 3 score: 43


number of generations run: 50
topScore: 142
chromosomes which scored 142: 
	0, 0, 0, 0, 3, 3, 3, 3
